-0.010844710283
0.089907169342
0.106928549707
-1.36345624924e-05
-0.0330475308001
-0.0298151299357
-0.0732624381781
-0.0582753643394
0.126060858369
-0.120021060109
0.219536647201
-0.00655603315681
-0.214043349028
-0.0903916284442
-0.0129938293248
0.0835179686546
-0.0780232995749
-0.126148745418
-0.0388443246484
-0.0572754964232
0.117611885071
0.00750541174784
-0.00512299221009
0.0348832458258
-0.162149891257
-0.243983507156
-0.0699477866292
-0.146439269185
0.113588675857
-0.0857732221484
-0.0201466847211
-0.0330715179443
-0.135306417942
-0.0211505331099
0.00791348796338
0.0763946175575
-0.0468899197876
-0.00414345413446
0.215716287494
-0.00528026930988
-0.149511113763
0.0935316085815
-0.00517206452787
0.244493573904
0.181708797812
0.0735101550817
0.0393746346235
-0.0435181483626
0.134324222803
-0.268550395966
0.147584050894
0.130544513464
0.243803545833
0.100504375994
0.233122214675
-0.225200369954
-0.00245546922088
0.0815317630768
-0.196276456118
0.130815818906
-0.036027982831
0.0433660596609
0.027475303039
-0.0639523789287
0.191031232476
0.0373166464269
-0.149405017495
-0.0580975487828
0.144078671932
-0.169415041804
-0.0426841638982
0.125838473439
-0.10274810344
-0.141762420535
-0.281893283129
0.0784229338169
0.382448792458
0.217640563846
-0.245808854699
0.0528282634914
0.0246931985021
-0.0317832119763
0.0408182032406
0.0466129183769
-0.0605996251106
0.00236628204584
-0.0312718674541
-0.000114686787128
0.0770916417241
-0.0387546867132
-0.0464419052005
0.188997343183
-0.0151551384479
0.0886395797133
-0.0118438536301
-0.031657718122
-0.0992546230555
-0.0420813560486
-0.0795249119401
-0.0159808136523
-0.00635371170938
-0.0538331903517
0.00352442869917
0.0518840439618
-0.155967205763
0.139595493674
-0.0229646451771
-0.0316512621939
-0.074230208993
0.136915266514
-0.165105655789
0.0408763214946
0.141058534384
-0.332181692123
0.264043688774
0.163128420711
-0.0166982430965
0.0881622806191
0.0840495377779
0.0172420963645
0.0550784133375
-0.00770514458418
-0.104218795896
-0.139915958047
0.0129789924249
-0.0870460495353
0.061697203666
0.0399479269981
