-0.0687326788902
0.0763179436326
0.0643132179976
-0.00377646717243
-0.0340215973556
-0.0370643995702
-0.0724766328931
-0.0564563199878
0.203543260694
-0.146844729781
0.196465298533
-0.0202154889703
-0.159741938114
-0.109906435013
-0.0380561649799
0.0563364773989
-0.113310240209
-0.158910363913
-0.0436886101961
-0.099924467504
0.0943167060614
-0.0198441036046
-0.00471286382526
0.0464578866959
-0.219820037484
-0.298858135939
-0.095684915781
-0.161761760712
0.0497428253293
-0.103201679885
-0.0204367898405
-0.0155566260219
-0.167577892542
-0.0693360716105
-0.0278422031552
0.100947923958
-0.0271640792489
0.0232432819903
0.192939013243
-0.0228883177042
-0.162213712931
0.0666094645858
0.0329350307584
0.253884583712
0.1723921597
0.117795236409
-0.0388753190637
-0.0198651123792
0.187934547663
-0.239460945129
0.134137958288
0.173407062888
0.179525136948
0.122337639332
0.223556950688
-0.161739319563
-0.0105836400762
0.152905002236
-0.17323577404
0.0891161039472
-0.078598678112
0.0474476218224
0.0515759438276
-0.0668965801597
0.220003455877
0.0998573750257
-0.127134561539
-0.0389584973454
0.14039953053
-0.148015230894
-0.0251147188246
0.121653228998
-0.0796516686678
-0.180688098073
-0.21527493
0.102301008999
0.415649175644
0.19030725956
-0.187676414847
0.0336900018156
-0.0205369852483
-0.0958946868777
0.0353278368711
0.0224752128124
-0.0815622657537
0.016966894269
-0.0345077961683
-0.00309506617486
0.125522643328
0.0271404907107
-0.0234051570296
0.18801432848
-0.0503304079175
0.0887459218502
0.00235000206158
-0.0125018954277
-0.177898585796
0.0221273992211
-0.102938264608
-0.0400125533342
0.0492070615292
-0.0493800118566
-0.0258521400392
0.019689861685
-0.142047464848
0.143769726157
0.00326864165254
-0.0112849678844
-0.0735403671861
0.123085491359
-0.127833813429
0.0304777082056
0.144013598561
-0.315259337425
0.277434527874
0.112958773971
-0.0297024995089
0.167780533433
0.0836545750499
0.0184706784785
0.0271361544728
-0.0318954735994
-0.108649730682
-0.120074048638
0.0572395250201
-0.0793486386538
0.0919725745916
0.0229429863393
