0.0106391208246
0.0767137929797
0.105793021619
0.00277559878305
-0.0292112119496
-0.0205218568444
-0.0656406283379
-0.068531870842
0.131857246161
-0.116469748318
0.221198037267
-0.0215053595603
-0.179701164365
-0.0842204242945
-0.0287597235292
0.0912979915738
-0.0761386454105
-0.146211192012
-0.0452233552933
-0.0697349309921
0.100437641144
0.0172019228339
-0.0310815125704
0.0502477139235
-0.183878675103
-0.223687171936
-0.0629067644477
-0.14651915431
0.104982532561
-0.0767059847713
-0.0190852321684
-0.0211845804006
-0.140926510096
-0.0292651839554
0.0264510698617
0.0983036756516
-0.055106818676
-0.0181363206357
0.213257193565
0.000477703288198
-0.142899885774
0.105441264808
-0.00380617938936
0.245752573013
0.182726547122
0.0752217918634
0.0281480886042
-0.0339085310698
0.13911049068
-0.262761473656
0.11810708046
0.137282460928
0.239929825068
0.119902171195
0.20089790225
-0.219689548016
0.00217732414603
0.118668444455
-0.204259395599
0.121148474514
-0.0616964399815
0.0230017397553
0.052490118891
-0.0567431226373
0.191061869264
0.0313560217619
-0.14656957984
-0.0537161380053
0.150819003582
-0.168155282736
-0.0630609616637
0.111967489123
-0.0951319113374
-0.154153212905
-0.282417625189
0.0827670842409
0.391711324453
0.231570914388
-0.255947381258
0.0586453974247
0.037970688194
-0.0242220312357
0.0334444008768
0.050097733736
-0.0526499301195
0.00812293682247
-0.0366842038929
-0.0226766783744
0.0942320674658
-0.0192383583635
-0.0464521087706
0.191027060151
-0.0300440508872
0.0885343179107
-0.00906188413501
-0.0393940210342
-0.106014505029
-0.0247553251684
-0.0811445936561
-0.0336389578879
-0.0149207487702
-0.0193779151887
0.0162887666374
0.0654934942722
-0.154438331723
0.166341632605
-0.0350401103497
-0.0303389132023
-0.0889086574316
0.134334459901
-0.141098618507
0.052830580622
0.158142089844
-0.325644612312
0.248745799065
0.164671123028
-0.00527881737798
0.106028735638
0.0999001115561
0.00105651654303
0.0536805465817
-0.0101590426639
-0.128839582205
-0.143536493182
0.0177892297506
-0.097721144557
0.0842603594065
0.0490331463516
