-0.04170837998390198
0.035980891436338425
0.0255574993789196
-0.06415117532014847
-0.12145545333623886
-0.0245748832821846
-0.07072815299034119
-0.05356922745704651
0.08715701848268509
-0.077764131128788
0.23049858212471008
-0.0498386025428772
-0.11512449383735657
-0.06684945523738861
-0.021999450400471687
0.04722946882247925
-0.09267260879278183
-0.12985172867774963
-0.07453110814094543
-0.16325494647026062
0.046083346009254456
0.0690668597817421
-0.03934368118643761
0.05524654686450958
-0.2363441288471222
-0.23968864977359772
-0.09738712012767792
-0.18711675703525543
0.0785156860947609
-0.06545805186033249
0.01851010136306286
0.049221187829971313
-0.12668156623840332
-0.09590142220258713
0.0660676434636116
0.07835669815540314
-0.09942840039730072
-0.009381113573908806
0.2152870148420334
-0.008447829633951187
-0.15059015154838562
0.12179731577634811
0.05319739878177643
0.29651138186454773
0.22883686423301697
0.06331265717744827
0.03522954136133194
-0.03158095106482506
0.1828869730234146
-0.2640473544597626
0.12266360223293304
0.1712496131658554
0.17656810581684113
0.13053329288959503
0.1495833694934845
-0.13229675590991974
0.01082196831703186
0.1789572834968567
-0.15022283792495728
0.12770546972751617
-0.010701385326683521
-0.050591327250003815
0.08671510964632034
-0.07680109143257141
0.1784437745809555
0.033147890120744705
-0.11591822654008865
-0.05869969725608826
0.16166262328624725
-0.15104363858699799
-0.09183531999588013
0.15488028526306152
-0.12855568528175354
-0.17983688414096832
-0.2825472950935364
0.10062852501869202
0.3991536796092987
0.21671485900878906
-0.16071730852127075
0.02953573316335678
-0.007423640228807926
-0.0037469640374183655
0.05297188460826874
0.03689685836434364
-0.05656715855002403
-0.07354485988616943
-0.03062449023127556
0.022598538547754288
0.20494875311851501
-0.03333333134651184
-0.04756757989525795
0.22541765868663788
-0.008355220779776573
0.10315880179405212
0.037969816476106644
0.06065788492560387
-0.12246726453304291
-0.03527252748608589
-0.042912594974040985
0.03587692975997925
0.028975743800401688
-0.06341074407100677
0.03083852306008339
0.10027163475751877
-0.15049836039543152
0.2133498340845108
-0.07206043601036072
0.02764315903186798
-0.11595673114061356
0.034749969840049744
-0.029383882880210876
0.07506326586008072
0.1894267350435257
-0.26306405663490295
0.2199857383966446
0.15757203102111816
0.010136020369827747
0.1516568958759308
0.10456594824790955
-0.05223672837018967
-0.016195524483919144
-0.08022380620241165
-0.18604901432991028
-0.10254187136888504
0.025447532534599304
-0.05875334143638611
0.0549190491437912
0.06763686239719391
