-0.0769358575344
-0.00522968452424
0.0648604184389
-0.00157682481222
-0.0117744570598
-0.0406287536025
-0.0599717050791
-0.0202101264149
0.139670595527
-0.102164179087
0.246899157763
-0.0155045613647
-0.176608473063
-0.0955663397908
-0.0685509294271
0.0759752392769
-0.117424473166
-0.0873843505979
-0.0720867812634
-0.0847968608141
0.132152110338
-0.0192367415875
0.0103560397401
0.0216146316379
-0.205172792077
-0.269594848156
-0.0732152089477
-0.156342327595
0.101735517383
-0.0693287923932
-0.0264496840537
-0.00210534664802
-0.149380400777
-0.0549834221601
0.00175023451447
0.0790401026607
-0.0508325435221
0.00608595088124
0.204314634204
-0.00272361747921
-0.147557839751
0.0813363343477
0.00131016224623
0.239263504744
0.204685136676
0.094619333744
0.0372881963849
-0.0454538315535
0.11408752948
-0.310890674591
0.106763973832
0.156936973333
0.185472637415
0.109203979373
0.188284054399
-0.178751632571
-0.0167026538402
0.152857765555
-0.151525348425
0.122858703136
-0.0483661927283
0.043539300561
0.0432999953628
-0.0465960726142
0.191087558866
0.0703864097595
-0.17975769937
-0.0471847131848
0.173530295491
-0.128151983023
-0.0116311330348
0.126511052251
-0.0930169895291
-0.207815140486
-0.242521226406
0.0778095573187
0.418959319592
0.209596380591
-0.186765760183
0.0458009690046
-0.0825066640973
-0.0356621816754
0.0458855219185
0.0281884204596
-0.0489414408803
-0.00801053456962
-0.0409075543284
0.00996707752347
0.0946394205093
-0.0100521799177
-0.0287178624421
0.203220665455
-0.0129612199962
0.0890651941299
-0.0214469656348
0.0194201599807
-0.138435065746
-0.0015865736641
-0.0803510397673
-0.0226821303368
0.0218554474413
-0.0191872119904
0.0388258956373
0.0464071519673
-0.112596809864
0.164572387934
-0.03194482252
0.00680703856051
-0.0473709702492
0.076477445662
-0.0940868631005
0.0712948739529
0.111809231341
-0.317800730467
0.24118436873
0.16670101881
0.0307447202504
0.132918298244
0.118991434574
-0.0221595838666
0.0543775223196
-0.02776982449
-0.167127221823
-0.0860058516264
-0.0130883688107
-0.075472407043
0.0495573282242
0.0326478928328
