-0.052404701709747314
0.016076279804110527
0.06173225864768028
-0.022436080500483513
-0.0450059175491333
-0.026442471891641617
-0.08340365439653397
-0.1231653019785881
0.12867113947868347
-0.10242412984371185
0.19948987662792206
-0.03171725198626518
-0.17717920243740082
-0.08053800463676453
-0.027121521532535553
0.05460526794195175
-0.08298122882843018
-0.20745708048343658
-0.04831351339817047
-0.1176505759358406
0.051583725959062576
0.007634763140231371
-0.07922452688217163
0.03708086907863617
-0.1825142204761505
-0.23742857575416565
-0.09169629216194153
-0.1604050248861313
0.054141007363796234
-0.032379232347011566
-0.028048861771821976
0.04036376252770424
-0.1506289392709732
-0.06453517079353333
0.05969170480966568
0.11585570871829987
-0.03262203931808472
-0.011420942842960358
0.2265448123216629
-0.029504654929041862
-0.13076259195804596
0.07520890235900879
0.035744793713092804
0.2412966787815094
0.2397601157426834
0.06454655528068542
0.013442318886518478
-0.023865925148129463
0.19419772922992706
-0.29468971490859985
0.1444169282913208
0.19342565536499023
0.2289300411939621
0.1452825665473938
0.16489587724208832
-0.18898145854473114
0.02005772665143013
0.12578220665454865
-0.16263411939144135
0.12758231163024902
-0.002100071869790554
-0.054228831082582474
0.06612837314605713
-0.035527076572179794
0.18019938468933105
0.07698214799165726
-0.10036086291074753
-0.06614914536476135
0.15828266739845276
-0.18265336751937866
-0.08531510084867477
0.08981737494468689
-0.1401558369398117
-0.177620530128479
-0.2708871066570282
0.08683355152606964
0.4016333222389221
0.2400197982788086
-0.23744793236255646
0.07328785210847855
0.0362427793443203
-0.007847804576158524
0.10735496878623962
0.03442828357219696
-0.031079571694135666
-0.031048167496919632
-0.056129418313503265
-0.018519457429647446
0.20262974500656128
0.014571605250239372
-0.05693839490413666
0.20294587314128876
-0.034794703125953674
0.1068713515996933
0.059821926057338715
0.018414659425616264
-0.04176712781190872
-0.05180709436535835
-0.08601725846529007
0.009085996076464653
-0.00849177036434412
0.016224585473537445
0.025379527360200882
0.06802587956190109
-0.10585975646972656
0.16612011194229126
-0.071463942527771
0.04256941378116608
-0.13334472477436066
0.01915748417377472
-0.04314076900482178
0.07320628315210342
0.1610073447227478
-0.2609272599220276
0.23094815015792847
0.11163310706615448
-0.029157530516386032
0.14185017347335815
0.05436316877603531
-0.013553893193602562
0.030194710940122604
-0.058769211173057556
-0.16117894649505615
-0.12927363812923431
0.019946027547121048
-0.03552033007144928
0.08184896409511566
0.07397279143333435
