-0.0300282947719
0.104752071202
0.0791672468185
-0.0475993342698
-0.0861989855766
-0.00560987228528
-0.0649498775601
-0.0434759035707
0.119272962213
-0.0766499042511
0.22292111814
0.0328603386879
-0.146685853601
-0.0335234180093
-0.0499691702425
0.107233114541
-0.127691432834
-0.118660785258
-0.107225298882
-0.110807672143
0.105772234499
0.0475335232913
-0.0471282526851
0.04999345541
-0.180399492383
-0.228615745902
-0.0579861961305
-0.14400011301
0.139095276594
-0.0988511294127
0.0322728008032
-0.0584408789873
-0.124263226986
-0.00286786817014
0.0394589602947
0.053386606276
-0.0785934850574
-0.0320309437811
0.190970525146
0.0457558780909
-0.174468398094
0.119907453656
0.0210240259767
0.271625012159
0.196866571903
0.113868877292
0.0471759736538
-0.0231528524309
0.154071256518
-0.251621067524
0.0822410732508
0.128612443805
0.186616390944
0.102759100497
0.184516564012
-0.19718234241
-0.0258410349488
0.125285685062
-0.209064155817
0.112182021141
-0.0708308294415
-0.00180767662823
0.0143571281806
-0.0989456251264
0.161094948649
0.0814975947142
-0.140361085534
-0.0967823937535
0.159191086888
-0.210890606046
-0.0967065915465
0.122673802078
-0.0890207365155
-0.11857303232
-0.271438091993
0.0257521271706
0.388075977564
0.199007257819
-0.188668385148
-0.0113646611571
0.055286899209
-0.0243947226554
0.00977377779782
0.0606726966798
-0.0959440916777
0.00708383042365
-0.00396995479241
-0.0153420390561
0.152377650142
-0.0275882743299
-0.0238990169019
0.214502230287
-0.0126061718911
0.0515383705497
-0.04469691962
-0.017322845757
-0.127352803946
-0.0428217612207
-0.0392945148051
-0.0589349791408
-0.0117815062404
-0.0244672521949
0.0366044454277
0.0740256607533
-0.175309166312
0.167040601373
-0.0539954081178
-0.0118834152818
-0.100639484823
0.12851794064
-0.115018598735
0.0383175723255
0.182853788137
-0.255803078413
0.251935243607
0.242141991854
0.00302049703896
0.0491433739662
0.0947900190949
-0.0464557372034
0.0210051909089
-0.00568905100226
-0.135734140873
-0.131313875318
-0.00824758317322
-0.138307973742
0.049745850265
0.00818848609924
