-0.023878734558820724
0.0235001128166914
0.06280337274074554
-0.06004070118069649
-0.0764690563082695
0.0010785753838717937
-0.07799209654331207
-0.06728577613830566
0.14083808660507202
-0.09569219499826431
0.19923491775989532
-0.03544077277183533
-0.18875856697559357
-0.050581373274326324
-0.03577548265457153
0.06050463765859604
-0.09495887160301208
-0.18157455325126648
-0.06326982378959656
-0.11829501390457153
0.040014225989580154
0.026704097166657448
-0.08474193513393402
0.017702417448163033
-0.1667056679725647
-0.2430875152349472
-0.07204592227935791
-0.16918952763080597
0.05172263830900192
-0.03563663735985756
-0.0028532724827528
0.05062680318951607
-0.14221583306789398
-0.06329446285963058
0.0649464949965477
0.12327440083026886
-0.05276352912187576
0.0031447475776076317
0.20162078738212585
-0.025010690093040466
-0.1346360594034195
0.07643735408782959
0.02459198795258999
0.22336722910404205
0.21033520996570587
0.08478444069623947
0.013949141837656498
-0.01652752421796322
0.18049871921539307
-0.3167211711406708
0.12765298783779144
0.19209182262420654
0.2131585329771042
0.14521287381649017
0.17001064121723175
-0.19406279921531677
0.03346081078052521
0.1361355483531952
-0.18018686771392822
0.1225058063864708
-0.00335907656699419
-0.043165095150470734
0.06881038844585419
-0.03392888233065605
0.20757968723773956
0.07767191529273987
-0.11890394240617752
-0.07684601843357086
0.16936615109443665
-0.1704239696264267
-0.08773328363895416
0.10729848593473434
-0.12353184074163437
-0.16426390409469604
-0.25790029764175415
0.08680075407028198
0.4119137227535248
0.23776698112487793
-0.21850965917110443
0.05481838062405586
0.0061232224106788635
-0.004541401751339436
0.0807628333568573
0.022653719410300255
-0.04376821219921112
-0.027118872851133347
-0.056751564145088196
-0.029610345140099525
0.182524174451828
-0.004150107502937317
-0.05663309618830681
0.20852883160114288
-0.03145298361778259
0.13121865689754486
0.03615356609225273
0.012235645204782486
-0.05474495887756348
-0.05392695963382721
-0.08570867031812668
0.0030992175452411175
-0.005396946333348751
0.003657301887869835
0.01262466050684452
0.07684940844774246
-0.09979623556137085
0.16921792924404144
-0.08918611705303192
0.03839516639709473
-0.1377139836549759
0.038999006152153015
-0.03624103218317032
0.07062974572181702
0.18385250866413116
-0.2770085334777832
0.23386038839817047
0.12487883120775223
-0.025044016540050507
0.1316220760345459
0.08009950816631317
-0.029259495437145233
0.034439586102962494
-0.0802547037601471
-0.18188786506652832
-0.13888821005821228
0.008606611751019955
-0.047562699764966965
0.057522714138031006
0.0755365788936615
