-0.1320028454065323
0.08035040646791458
0.07925423234701157
-0.03902994841337204
-0.10755511373281479
-0.01469377800822258
-0.088573157787323
-0.08145685493946075
0.11422766000032425
-0.09729544818401337
0.17327728867530823
-0.021118009462952614
-0.16798274219036102
-0.06798174232244492
-0.06582748889923096
0.0797489583492279
-0.06264037638902664
-0.19817115366458893
-0.0669170394539833
-0.13735193014144897
0.011562403291463852
0.05978277325630188
-0.11316551268100739
0.03642028942704201
-0.1817222386598587
-0.24110034108161926
-0.09145721048116684
-0.18683716654777527
0.03248924762010574
-0.053999971598386765
-0.06846433132886887
0.01821921579539776
-0.1337764859199524
-0.07439829409122467
0.048208922147750854
0.11540894955396652
-0.015540138818323612
0.03781604766845703
0.17829221487045288
-0.03685779869556427
-0.10920581966638565
0.12150126695632935
0.04784154146909714
0.28952786326408386
0.200321763753891
0.07957559823989868
0.033574268221855164
-0.028489556163549423
0.1704653650522232
-0.2581067681312561
0.12665598094463348
0.1753094643354416
0.1747562736272812
0.12637130916118622
0.17187248170375824
-0.15732386708259583
0.0016981679946184158
0.07668998092412949
-0.17085514962673187
0.1209602877497673
0.009367048740386963
-0.032730571925640106
0.00855981558561325
-0.05866045877337456
0.18006213009357452
0.071459099650383
-0.08600189536809921
-0.106653593480587
0.15940526127815247
-0.20626787841320038
-0.04190300405025482
0.13674171268939972
-0.09862806648015976
-0.1389620304107666
-0.2103426605463028
0.12143279612064362
0.44575098156929016
0.2448301911354065
-0.20474942028522491
0.06218358874320984
-0.01649364084005356
-0.0660381019115448
0.09106431901454926
-0.03486216813325882
-0.024721253663301468
-0.03374762088060379
-0.0705455094575882
0.029881462454795837
0.23173604905605316
0.0003203675150871277
0.0007840986363589764
0.16929274797439575
0.02631562203168869
0.055325813591480255
0.03825810179114342
0.05304950848221779
-0.08049213141202927
-0.04839915409684181
-0.037069521844387054
0.024794291704893112
0.024174297228455544
-0.03641728684306145
0.0026292167603969574
0.0301189087331295
-0.11130741983652115
0.18061742186546326
-0.06427743285894394
0.013901788741350174
-0.16819612681865692
0.04297655448317528
-0.056253623217344284
0.07339096069335938
0.19642974436283112
-0.25115445256233215
0.23107880353927612
0.10354253649711609
-0.07062589377164841
0.12961424887180328
0.029305988922715187
-0.009100671857595444
-0.009531077928841114
-0.07540828734636307
-0.12042983621358871
-0.18633635342121124
0.030836869031190872
-0.06741371750831604
0.09750762581825256
0.07393072545528412
