-0.12291654199361801
0.09091843664646149
0.08002181351184845
-0.04632308706641197
-0.10379214584827423
-0.017655985429883003
-0.09126503020524979
-0.07833724468946457
0.11739731580018997
-0.10178644210100174
0.20546041429042816
-0.018664445728063583
-0.1620892733335495
-0.08442731201648712
-0.058895424008369446
0.08643770217895508
-0.05908595770597458
-0.18975993990898132
-0.07160629332065582
-0.13102830946445465
0.02591155655682087
0.05365607142448425
-0.10690826922655106
0.041215576231479645
-0.18117931485176086
-0.23669816553592682
-0.08345149457454681
-0.18019801378250122
0.05016915500164032
-0.058591462671756744
-0.06490946561098099
0.013457628898322582
-0.12934641540050507
-0.07824596762657166
0.043762583285570145
0.11525876820087433
-0.03015059605240822
0.02911035530269146
0.18281739950180054
-0.04288244992494583
-0.12795349955558777
0.13480813801288605
0.04934058338403702
0.2878705561161041
0.22257588803768158
0.07474235445261002
0.02787952683866024
-0.034179091453552246
0.17894579470157623
-0.26781797409057617
0.1191825196146965
0.17899206280708313
0.18329700827598572
0.126866415143013
0.18537811934947968
-0.15461330115795135
0.0075894612818956375
0.07637801766395569
-0.1791391670703888
0.09221038967370987
-0.0021810363978147507
-0.012277787551283836
0.01484679989516735
-0.06671012192964554
0.16476452350616455
0.0661533772945404
-0.0945320576429367
-0.10002590715885162
0.1521570086479187
-0.2043178826570511
-0.04430145397782326
0.15712374448776245
-0.10676742345094681
-0.14766977727413177
-0.22284701466560364
0.11841611564159393
0.44337135553359985
0.2507922947406769
-0.20285803079605103
0.0663810670375824
-0.0031651672907173634
-0.06291370093822479
0.08821702748537064
-0.0414903424680233
-0.022697998210787773
-0.04709303751587868
-0.0681338906288147
0.023463640362024307
0.215935617685318
-0.00872139260172844
-0.00024807779118418694
0.17328451573848724
0.03131275624036789
0.0557243674993515
0.03245197609066963
0.06642226129770279
-0.08060306310653687
-0.042104437947273254
-0.045734576880931854
0.022135935723781586
0.024737603962421417
-0.03138206899166107
0.0032263225875794888
0.027382567524909973
-0.12433655560016632
0.18822121620178223
-0.054863013327121735
0.02121061086654663
-0.1596866399049759
0.04636150225996971
-0.055352456867694855
0.08286453783512115
0.18643561005592346
-0.25656720995903015
0.2344714254140854
0.11058959364891052
-0.06807108223438263
0.12031108140945435
0.047048069536685944
-0.021294135600328445
-0.011662425473332405
-0.08124247938394547
-0.11703833937644958
-0.19139617681503296
0.02307179570198059
-0.07284803688526154
0.09796066582202911
0.06607795506715775
